[gd_scene load_steps=3 format=2]

[ext_resource path="res://osc_receiver.gd" type="Script" id=1]

[sub_resource type="CubeMesh" id=1]

custom_aabb = AABB( 0, 0, 0, 0, 0, 0 )
flip_faces = false
size = Vector3( 2, 2, 2 )
subdivide_width = 0
subdivide_height = 0
subdivide_depth = 0

[node name="root" type="Spatial"]

[node name="cam" type="Camera" parent="."]
transform = Transform( 1, 0, 0, 0, 0.828772, 0.559587, 0, -0.559587, 0.828772, 0, 3.49295, 5.45943 )
keep_aspect = 1
cull_mask = 1048575
environment = null
h_offset = 0.0
v_offset = 0.0
doppler_tracking = 0
projection = 0
current = false
fov = 35.0
size = 1.0
near = 0.05
far = 100.0

[node name="sun" type="DirectionalLight" parent="."]
transform = Transform( 0.898086, 0.0547062, 0.436405, -0.43982, 0.111707, 0.891112, 0, -0.992234, 0.124383, 2.54693, 3.37255, 0 )
layers = 1
light_color = Color( 1, 1, 1, 1 )
light_energy = 1.0
light_indirect_energy = 1.0
light_negative = false
light_specular = 0.5
light_bake_mode = 1
light_cull_mask = -1
shadow_enabled = false
shadow_color = Color( 0, 0, 0, 1 )
shadow_bias = 0.1
shadow_contact = 0.0
shadow_reverse_cull_face = false
editor_only = false
directional_shadow_mode = 2
directional_shadow_split_1 = 0.1
directional_shadow_split_2 = 0.2
directional_shadow_split_3 = 0.5
directional_shadow_blend_splits = false
directional_shadow_normal_bias = 0.8
directional_shadow_bias_split_scale = 0.25
directional_shadow_depth_range = 0
directional_shadow_max_distance = 200.0

[node name="cube" type="MeshInstance" parent="."]
transform = Transform( 0.8717, 0, -0.49004, 0, 1, 0, 0.49004, 0, 0.8717, 0, 0, 0 )
layers = 1
material_override = null
cast_shadow = 1
extra_cull_margin = 0.0
use_in_baked_light = false
lod_min_distance = 0.0
lod_min_hysteresis = 0.0
lod_max_distance = 0.0
lod_max_hysteresis = 0.0
mesh = SubResource( 1 )
skeleton = NodePath("..")
material/0 = null
_sections_unfolded = [ "Geometry", "Script" ]

[node name="osc_receiver" type="Spatial" parent="."]
script = ExtResource( 1 )
_sections_unfolded = [ "Matrix", "Pause", "Script", "Transform", "Visibility" ]

